0 1: 60.01139321900046
0 2: 78.33839560394298
0 3: 17.126926528208283
0 4: 13.577919616151634
0 5: 67.16881985575432
0 6: 50.77151294335186
0 7: 10.09980686016299
0 8: 35.72410267225781
0 9: 27.251325351764883
0 10: 90.35668146261327
0 11: 52.07927270404901
0 12: 43.805526319012145
0 13: 43.036153409251405
0 14: 71.63244294490927
0 15: 32.808774881061815
0 16: 54.53204816733119
0 17: 50.28667805922572
0 18: 42.63616345578029
0 19: 48.95443242088809
0 20: 77.61425493572372
0 21: 3.8973619978778085
0 22: 19.95051110996036
0 23: 59.256607311220485
0 24: 54.46182363000838
0 25: 89.47632613821683
0 26: 74.65813681371769
0 27: 53.03524823744776
0 28: 69.09220163622665
0 29: 89.61933371547525
0 30: 68.8492227895921
0 31: 28.130951822730843
0 32: 15.61696033139429
0 33: 89.41982513846507
0 34: 74.53489278454778
0 35: 82.28618297685948
0 36: 11.832688111590594
0 37: 53.4539368117199
0 38: 30.916381585477513
0 39: 101.35771048711243
0 40: 33.40111981971797
0 41: 15.36913680215688
0 42: 50.42169248319743
0 43: 47.948096333177496
0 44: 55.937925076104314
0 45: 53.10924851076909
0 46: 55.574230423598294
0 47: 58.36980604694368
0 48: 34.5073167035827
0 49: 15.581416615056154
1 0: 60.01139321900046
1 2: 81.41601293395725
1 3: 64.02462027785805
1 4: 46.68701405922671
1 5: 46.63701821963772
1 6: 91.58438332143156
1 7: 67.4849772619243
1 8: 24.297777636437324
1 9: 86.46146633233586
1 10: 116.15881977530667
1 11: 74.09236140921932
1 12: 58.138979614084256
1 13: 96.96042316342871
1 14: 60.27214913536231
1 15: 65.29224784952389
1 16: 94.41841403056856
1 17: 49.368922398323534
1 18: 18.011767170360862
1 19: 82.67175825549678
1 20: 59.54170348620906
1 21: 61.62915363655145
1 22: 75.71066542461907
1 23: 21.671557472620318
1 24: 69.46006279260367
1 25: 113.61966096958439
1 26: 80.60554206783404
1 27: 8.641572696830725
1 28: 66.3652614313536
1 29: 111.82356828028
1 30: 31.644057964394044
1 31: 35.11146586783954
1 32: 44.64245147657806
1 33: 79.03037335934133
1 34: 98.93831297366232
1 35: 100.43742931841857
1 36: 49.37152549561162
1 37: 44.50319349862305
1 38: 32.87706645780952
1 39: 72.28060375651029
1 40: 26.846070103047968
1 41: 44.670585273755236
1 42: 16.980275595544132
1 43: 98.24770824495815
1 44: 97.18828138644152
1 45: 89.74288135414322
1 46: 13.573042316997414
1 47: 92.57980271804544
1 48: 46.12719249533726
1 49: 44.456670576687664
2 0: 78.33839560394298
2 1: 81.41601293395725
2 3: 63.23514078208316
2 4: 72.71429950433856
2 5: 36.979412563613145
2 6: 51.68696463593027
2 7: 74.44848710436959
2 8: 74.03198559950377
2 9: 84.07491327613977
2 10: 43.09694467083502
2 11: 29.32917472626923
2 12: 34.86633386096045
2 13: 74.76628058456933
2 14: 23.22374392395438
2 15: 47.01234594751921
2 16: 50.89706297791983
2 17: 34.4980187859807
2 18: 79.66163748850947
2 19: 41.59412925284472
2 20: 29.005849709695763
2 21: 75.49457057224492
2 22: 72.43619944751165
2 23: 99.54632102872623
2 24: 24.276601983288874
2 25: 39.65764990242934
2 26: 4.48801587796273
2 27: 74.19220170712839
2 28: 15.087857844021148
2 29: 36.56895671999771
2 30: 55.0657865248422
2 31: 83.84102381003332
2 32: 72.30264379836417
2 33: 19.018003072093638
2 34: 31.17753275812317
2 35: 24.9651358882907
2 36: 70.85496994483975
2 37: 37.43035630223716
2 38: 63.19003093893037
2 39: 46.2393068236483
2 40: 71.66488512200091
2 41: 73.88381893559348
2 42: 65.32608496943585
2 43: 68.41422660498164
2 44: 53.60744826742047
2 45: 45.50809072526987
2 46: 67.8437831753208
2 47: 42.49088787888037
2 48: 47.65563773640802
2 49: 73.87343973049713
3 0: 17.126926528208283
3 1: 64.02462027785805
3 2: 63.23514078208316
3 4: 21.090029754500225
3 5: 58.5240556193674
3 6: 34.57669866127349
3 7: 11.224575534368375
3 8: 40.895801268319396
3 9: 26.05744177427462
3 10: 73.26817593586888
3 11: 35.62848263011147
3 12: 30.15344907522702
3 13: 32.97677219157095
3 14: 60.0308035289421
3 15: 16.415938825266352
3 16: 38.27282455744634
3 17: 39.63827368556881
3 18: 48.90799867874582
3 19: 31.852147446734
3 20: 66.97512821762224
3 21: 13.451662398853298
3 22: 13.146811295789865
3 23: 68.6629081262844
3 24: 38.98466437943468
3 25: 72.35448618472189
3 26: 59.2860054446302
3 27: 55.88175423153851
3 28: 55.78848229704695
3 29: 72.49603527878432
3 30: 64.52948185117431
3 31: 38.886457092318665
3 32: 22.54625815470122
3 33: 76.15293361266313
3 34: 57.41726533846017
3 35: 65.3372168043728
3 36: 17.620273456649574
3 37: 44.41953327700978
3 38: 31.293116474002762
3 39: 91.55972593286148
3 40: 37.84436360583775
3 41: 23.545788712125894
3 42: 50.67199542111166
3 43: 35.30901541923756
3 44: 40.01986370087253
3 45: 36.30080779832364
3 46: 56.11027949355745
3 47: 41.43252312696479
3 48: 25.676033996901165
3 49: 23.71466478672327
4 0: 13.577919616151634
4 1: 46.68701405922671
4 2: 72.71429950433856
4 3: 21.090029754500225
4 5: 56.23810439087299
4 6: 55.1056409616562
4 7: 21.04646259350357
4 8: 22.407258488072554
4 9: 39.862793517131806
4 10: 91.23028888287475
4 11: 49.75058571091699
4 12: 37.97095336869419
4 13: 52.81034603284828
4 14: 62.55242925608435
4 15: 31.906705627200566
4 16: 58.69623477509324
4 17: 41.30976078149206
4 18: 29.74193488883897
4 19: 50.44098502994699
4 20: 67.6887870864873
4 21: 14.949878486904868
4 22: 30.088529684922925
4 23: 48.08249554187116
4 24: 50.200572641888456
4 25: 89.84229434560106
4 26: 69.5193069359215
4 27: 39.51564862176182
4 28: 61.59005949698052
4 29: 89.43662448088344
4 30: 56.05548635042442
4 31: 17.797914080195966
4 32: 2.053619503383489
4 33: 81.42489500638968
4 34: 74.41973466977376
4 35: 80.70355172320302
4 36: 3.4702190805033357
4 37: 43.20711933279396
4 38: 17.75508216211832
4 39: 90.557664961504
4 40: 19.917857553431418
4 41: 2.472446252228329
4 42: 36.91081995435975
4 43: 56.148044360597346
4 44: 60.68938554938247
4 45: 55.96747104988208
4 46: 42.020729770683054
4 47: 60.64454810728143
4 48: 25.677505637460868
4 49: 2.656931507605759
5 0: 67.16881985575432
5 1: 46.63701821963772
5 2: 36.979412563613145
5 3: 58.5240556193674
5 4: 56.23810439087299
5 6: 67.90164229917308
5 7: 68.27487225708255
5 8: 46.940544266239556
5 9: 84.38795519264065
5 10: 77.42533656498843
5 11: 43.05695786339498
5 12: 32.10342446337324
5 13: 84.24230557460228
5 14: 14.090603924814838
5 15: 47.76700114577941
5 16: 69.18677154790359
5 17: 19.5424733573817
5 18: 49.92380855132735
5 19: 56.5262731452547
5 20: 13.423806713929082
5 21: 65.95605567920683
5 22: 71.3230957003545
5 23: 66.85349930616003
5 24: 35.65954200607579
5 25: 74.30386167259988
5 26: 37.47257654067562
5 27: 40.77884184518584
5 28: 22.37128449967499
5 29: 71.73246491785139
5 30: 18.08715369690815
5 31: 59.98670985804865
5 32: 54.875353672376825
5 33: 32.449692182955935
5 34: 61.90829822214803
5 35: 59.786068596622144
5 36: 56.129836606530304
5 37: 14.110399811901017
5 38: 40.23729555063191
5 39: 34.32463047015579
5 40: 45.74086597712247
5 41: 56.17904866625951
5 42: 32.698080915923796
5 43: 81.24515666504078
5 44: 72.32312078088982
5 45: 63.3461057069475
5 46: 33.49891379094084
5 47: 63.53691475786118
5 48: 33.247260884232894
5 49: 56.06552258400334
6 0: 50.77151294335186
6 1: 91.58438332143156
6 2: 51.68696463593027
6 3: 34.57669866127349
6 4: 55.1056409616562
6 5: 67.90164229917308
6 7: 41.689779792574086
6 8: 71.52921237129308
6 9: 40.19657731645476
6 10: 42.07551302503815
6 11: 25.63043428024053
6 12: 36.96211145793558
6 13: 24.3487779134449
6 14: 61.76532344110748
6 15: 26.33630132735537
6 16: 3.770913607054626
6 17: 49.74445587456665
6 18: 79.59893354683162
6 19: 11.486390494883201
6 20: 70.00764093541953
6 21: 46.875783643262764
6 22: 33.783113513088125
6 23: 100.64291240954573
6 24: 33.325234949939585
6 25: 42.17853221434569
6 26: 47.22356374597171
6 27: 82.9522513586206
6 28: 53.18414403895001
6 29: 43.45730098781831
6 30: 81.09198933914179
6 31: 72.6354854382408
6 32: 56.244203496169966
6 33: 69.85023841347595
6 34: 30.052107396011387
6 35: 40.64253666367635
6 36: 51.70711702537642
6 37: 56.44113817785302
6 38: 59.80066193598621
6 39: 93.58903849440122
6 40: 68.32493770065145
6 41: 57.46870873206161
6 42: 75.5633743282589
6 43: 16.900779508085428
6 44: 5.7060321437640455
6 45: 6.265164021522948
6 46: 80.62308102517805
6 47: 10.988124576714931
6 48: 45.6644678842067
6 49: 57.6105951942043
7 0: 10.09980686016299
7 1: 67.4849772619243
7 2: 74.44848710436959
7 3: 11.224575534368375
7 4: 21.04646259350357
7 5: 68.27487225708255
7 6: 41.689779792574086
7 8: 43.321293576406894
7 9: 19.014374652953933
7 10: 82.33393880079127
7 11: 46.5706553662033
7 12: 41.20753745693678
7 13: 32.99197677941596
7 14: 70.75253993063889
7 15: 27.531677401155665
7 16: 45.460057612036834
7 17: 49.94703182011827
7 18: 50.78564521131855
7 19: 41.26184749224593
7 20: 77.4479448633656
7 21: 6.638359001888147
7 22: 9.860506669808068
7 23: 68.57540509119177
7 24: 50.18714150357882
7 25: 81.7089368408509
7 26: 70.47779517254563
7 27: 59.9558253136408
7 28: 66.87368357858291
7 29: 82.13102357428662
7 30: 72.48673760669763
7 31: 37.539526331027304
7 32: 23.02861990562593
7 33: 87.26325387696177
7 34: 67.17959145125822
7 35: 75.65209032671888
7 36: 18.12592787320331
7 37: 54.199567477033035
7 38: 36.23389224123262
7 39: 101.84234866371986
7 40: 40.64035406900543
7 41: 23.329067332485195
7 42: 56.1492666668227
7 43: 37.87770163857978
7 44: 46.62889836516494
7 45: 44.62260932373862
7 46: 61.502035003829604
7 47: 50.057982051696996
7 48: 35.03424341093742
7 49: 23.540015248501224
8 0: 35.72410267225781
8 1: 24.297777636437324
8 2: 74.03198559950377
8 3: 40.895801268319396
8 4: 22.407258488072554
8 5: 46.940544266239556
8 6: 71.52921237129308
8 7: 43.321293576406894
8 9: 62.24272987569345
8 10: 101.83483934664687
8 11: 58.66154444863044
8 12: 43.32676778750219
8 13: 73.80774434581568
8 14: 57.51853311230646
8 15: 45.495618222066526
8 16: 74.74294304427558
8 17: 39.536242034277365
8 18: 8.120795256876837
8 19: 64.16701272914398
8 20: 60.13665393178046
8 21: 37.356847000794644
8 22: 51.86916814148586
8 23: 29.27117083627601
8 24: 56.09961124572037
8 25: 99.79679704509958
8 26: 71.95561907464605
8 27: 17.616253965669912
8 28: 60.16370771957561
8 29: 98.63160835627582
8 30: 40.1566376796328
8 31: 14.058685720803407
8 32: 20.370106606541096
8 33: 77.46903348756993
8 34: 84.41523880820942
8 35: 88.24494254184873
8 36: 25.199068896781625
8 37: 37.7610221696842
8 38: 12.287164199918239
8 39: 79.51293215053332
8 40: 3.204274856044794
8 41: 20.37338421504911
8 42: 17.868860045837586
8 43: 75.95117190440818
8 44: 77.23351526275007
8 45: 70.79228891698682
8 46: 21.884332947655952
8 47: 74.50284011451274
8 48: 29.18846572110735
8 49: 20.159567222920213
9 0: 27.251325351764883
9 1: 86.46146633233586
9 2: 84.07491327613977
9 3: 26.05744177427462
9 4: 39.862793517131806
9 5: 84.38795519264065
9 6: 40.19657731645476
9 7: 19.014374652953933
9 8: 62.24272987569345
9 10: 82.17534243737346
9 11: 54.78151762404534
9 12: 54.429984880596834
9 13: 21.01772749148894
9 14: 84.75818334185358
9 15: 38.55017656572746
9 16: 43.56571030207624
9 17: 65.20152063870593
9 18: 69.5588484963406
9 19: 44.868046870081
9 20: 92.1145758049116
9 21: 24.947350387180627
9 22: 13.065302327734205
9 23: 86.45897297401815
9 24: 60.338356095838535
9 25: 82.37351270644753
9 26: 79.74975871994313
9 27: 78.97003464657466
9 28: 79.30056919908544
9 29: 83.60737818403233
9 30: 90.4254137176485
9 31: 55.3510030555891
9 32: 41.88396018661625
9 33: 99.22667013262938
9 34: 69.66887971316513
9 35: 79.6463655052428
9 36: 37.09088796868807
9 37: 70.31934286927445
9 38: 55.13402399002883
9 39: 116.85830801256154
9 40: 59.616535250563665
9 41: 42.03684619966097
9 42: 75.03569270845874
9 43: 28.95485320073396
9 44: 43.43296908182798
9 45: 45.234225921118515
9 46: 80.41548834158635
9 47: 50.74648895652411
9 48: 51.7322161495035
9 49: 42.25077321810092
10 0: 90.35668146261327
10 1: 116.15881977530667
10 2: 43.09694467083502
10 3: 73.26817593586888
10 4: 91.23028888287475
10 5: 77.42533656498843
10 6: 42.07551302503815
10 7: 82.33393880079127
10 8: 101.83483934664687
10 9: 82.17534243737346
10 11: 43.173297995749174
10 12: 58.804842851914316
10 13: 64.17594591534103
10 14: 65.03725539090166
10 15: 59.324793277219456
10 16: 38.61350979973589
10 17: 66.9504462029646
10 18: 109.16404920138794
10 19: 41.41778088611927
10 20: 71.80195866306057
10 21: 86.57477692465187
10 22: 75.43355663988223
10 23: 130.5543217784888
10 24: 46.72964349004199
10 25: 3.5631482756006867
10 26: 40.85988836736316
10 27: 107.9015326590505
10 28: 55.395582279536775
10 29: 7.1301451627678105
10 30: 94.98882859447642
10 31: 107.15154172298799
10 32: 91.79309754194583
10 33: 60.12545239262546
10 34: 17.433519553543956
10 35: 18.146710461202133
10 36: 88.20504442214248
10 37: 72.5699437800695
10 38: 89.57970978812514
10 39: 88.30303183451453
10 40: 98.82347042244793
10 41: 93.26685584367117
10 42: 99.18585782500804
10 43: 55.476564796735175
10 44: 38.92417186774886
10 45: 37.87225452213179
10 46: 103.0738386311057
10 47: 32.3331774933242
10 48: 72.66843725347451
10 49: 93.35416700588848
11 0: 52.07927270404901
11 1: 74.09236140921932
11 2: 29.32917472626923
11 3: 35.62848263011147
11 4: 49.75058571091699
11 5: 43.05695786339498
11 6: 25.63043428024053
11 7: 46.5706553662033
11 8: 58.66154444863044
11 9: 54.78151762404534
11 10: 43.173297995749174
11 12: 15.972324048409627
11 13: 46.373901437345665
11 14: 36.13489295374672
11 15: 19.302053153276404
11 16: 26.368064134596832
11 17: 26.678662566500957
11 18: 66.02934737815629
11 19: 14.194514211777605
11 20: 44.37753153335965
11 21: 48.758307880721546
11 22: 43.43673415588111
11 23: 87.45769437051491
11 24: 7.704146259520367
11 25: 41.19415330088614
11 26: 24.972178969287956
11 27: 65.61468269326195
11 28: 27.730496544498504
11 29: 40.259479177959996
11 30: 57.85931128811155
11 31: 64.53956839177228
11 32: 49.974665227317985
11 33: 45.749778544839174
11 34: 25.75881798386208
11 35: 30.954915859694395
11 36: 47.10408192797532
11 37: 33.24293844426847
11 38: 46.410228772631854
11 39: 68.10125644534233
11 40: 55.65498323069566
11 41: 51.52331592398868
11 42: 57.178386715788115
11 43: 41.0716298133813
11 44: 29.490431476962506
11 45: 20.462813795265845
11 46: 61.56235466489339
11 47: 20.571867846151715
11 48: 29.503992154436425
11 49: 51.57867395108
12 0: 43.805526319012145
12 1: 58.138979614084256
12 2: 34.86633386096045
12 3: 30.15344907522702
12 4: 37.97095336869419
12 5: 32.10342446337324
12 6: 36.96211145793558
12 7: 41.20753745693678
12 8: 43.32676778750219
12 9: 54.429984880596834
12 10: 58.804842851914316
12 11: 15.972324048409627
12 13: 52.184214532346545
12 14: 30.329251568785537
12 15: 16.162277801353593
12 16: 38.88883362155754
12 17: 12.938675466809666
12 18: 50.425490545455695
12 19: 26.200284814798167
12 20: 37.8243401231965
12 21: 41.2389232874167
12 22: 41.59165383205412
12 23: 71.76381567348811
12 24: 12.910149146273849
12 25: 56.60702926582632
12 26: 31.55374878596835
12 27: 49.646216091785604
12 28: 25.667515313205307
12 29: 55.32953832837394
12 30: 44.1304825585184
12 31: 50.64018434686358
12 32: 37.698361272757644
12 33: 46.06531499046475
12 34: 41.3817757211964
12 35: 44.97985381040132
12 36: 36.002132700426195
12 37: 19.5567035090662
12 38: 31.24875034401204
12 39: 62.60140414751935
12 40: 40.43941910955383
12 41: 39.28601409368698
12 42: 41.25454211665039
12 43: 49.229851102958456
12 44: 41.96091158653324
12 45: 33.40621028148551
12 46: 45.74595420245055
12 47: 35.170047413066484
12 48: 14.277903475560237
12 49: 39.293106139172096
13 0: 43.036153409251405
13 1: 96.96042316342871
13 2: 74.76628058456933
13 3: 32.97677219157095
13 4: 52.81034603284828
13 5: 84.24230557460228
13 6: 24.3487779134449
13 7: 32.99197677941596
13 8: 73.80774434581568
13 9: 21.01772749148894
13 10: 64.17594591534103
13 11: 46.373901437345665
13 12: 52.184214532346545
13 14: 81.102611381091
13 15: 36.67301193790328
13 16: 26.770456078031696
13 17: 64.78561612079626
13 18: 81.75709461697451
13 19: 33.17416994824936
13 20: 89.13362368136744
13 21: 39.60316380431028
13 22: 23.154538669536176
13 23: 100.89221962822091
13 24: 53.47837766559703
13 25: 64.92100937314996
13 26: 70.27972848796443
13 27: 88.73370456943498
13 28: 73.72579038402664
13 29: 66.6941054436047
13 30: 94.12911930596877
13 31: 70.18175641960167
13 32: 54.57647956755167
13 33: 92.08130672954577
13 34: 54.1707063705133
13 35: 64.91374383644003
13 36: 49.4610804597665
13 37: 70.98805246637392
13 38: 64.13339522018765
13 39: 113.62684976062599
13 40: 70.79002340153932
13 41: 55.25692238278131
13 42: 83.04622840232116
13 43: 8.755409712215368
13 44: 25.561295811639212
13 45: 30.47466688566345
13 46: 88.46161836088592
13 47: 35.27722766928286
13 48: 55.107762815173906
13 49: 55.45323670599946
14 0: 71.63244294490927
14 1: 60.27214913536231
14 2: 23.22374392395438
14 3: 60.0308035289421
14 4: 62.55242925608435
14 5: 14.090603924814838
14 6: 61.76532344110748
14 7: 70.75253993063889
14 8: 57.51853311230646
14 9: 84.75818334185358
14 10: 65.03725539090166
14 11: 36.13489295374672
14 12: 30.329251568785537
14 13: 81.102611381091
14 15: 46.377961100812016
14 16: 62.35006740879739
14 17: 21.391894287449
14 18: 61.66538746283241
14 19: 50.31278954737131
14 20: 8.24570234969633
14 21: 69.71881491144283
14 22: 71.88788322602934
14 23: 79.87494205791684
14 24: 28.445800406209027
14 25: 61.76708510778708
14 26: 24.320864528204492
14 27: 53.87895286906615
14 28: 9.870214175394514
14 29: 58.96872319013206
14 30: 32.044203382407005
14 31: 69.48554479480676
14 32: 61.545968711905196
14 33: 19.95169758429045
14 34: 50.58498067200452
14 35: 47.051048726685636
14 36: 61.70108742941479
14 37: 20.071027934131113
14 38: 48.76926742306348
14 39: 32.55695572447983
14 40: 55.785671153781465
14 41: 63.01038163942782
14 42: 45.368049931653744
14 43: 76.77140775684428
14 44: 65.43712221775093
14 45: 56.44263961631427
14 46: 46.88824303539333
14 47: 55.515304739400364
14 48: 37.260450847514974
14 49: 62.93678874882255
15 0: 32.808774881061815
15 1: 65.29224784952389
15 2: 47.01234594751921
15 3: 16.415938825266352
15 4: 31.906705627200566
15 5: 47.76700114577941
15 6: 26.33630132735537
15 7: 27.531677401155665
15 8: 45.495618222066526
15 9: 38.55017656572746
15 10: 59.324793277219456
15 11: 19.302053153276404
15 12: 16.162277801353593
15 13: 36.67301193790328
15 14: 46.377961100812016
15 16: 29.353747037402872
15 17: 28.232680280985527
15 18: 53.494589232397814
15 19: 18.954574279004625
15 20: 53.97500695485201
15 21: 29.45663779919625
15 22: 25.99388010519216
15 23: 74.74143717203738
15 24: 22.738071694814906
15 25: 57.98188908863682
15 26: 42.9775313541122
15 27: 56.67119260152287
15 28: 40.78629382118729
15 29: 57.702225959653006
15 30: 57.71051834005245
15 31: 48.29593927403551
15 32: 32.52218766672869
15 33: 60.88047345919741
15 34: 42.62398678788618
15 35: 49.63747771656717
15 36: 28.90110583554992
15 37: 34.324185431494456
15 38: 33.56293057424721
15 39: 78.74878452708579
15 40: 42.299658737228505
15 41: 33.97139697465588
15 42: 49.50054294431385
15 43: 34.91745713983713
15 44: 31.99214264048992
15 45: 25.316495754988825
15 46: 54.6795074993394
15 47: 29.335795842555903
15 48: 19.745087693472083
15 49: 34.06549764273201
16 0: 54.53204816733119
16 1: 94.41841403056856
16 2: 50.89706297791983
16 3: 38.27282455744634
16 4: 58.69623477509324
16 5: 69.18677154790359
16 6: 3.770913607054626
16 7: 45.460057612036834
16 8: 74.74294304427558
16 9: 43.56571030207624
16 10: 38.61350979973589
16 11: 26.368064134596832
16 12: 38.88883362155754
16 13: 26.770456078031696
16 14: 62.35006740879739
16 15: 29.353747037402872
16 17: 51.48428561725355
16 18: 82.78642999405672
16 19: 12.764577630040622
16 20: 70.59259404668428
16 21: 50.63698897581512
16 22: 37.50138787995251
16 23: 103.91684651976574
16 24: 34.05006841726276
16 25: 38.861520149993055
16 26: 46.48165448847527
16 27: 85.77833752940981
16 28: 53.46969756786448
16 29: 40.2975780605948
16 30: 82.92939969032548
16 31: 76.1641546962507
16 32: 59.79866423000865
16 33: 69.37573744323923
16 34: 27.403460583645867
16 35: 38.2004940324084
16 36: 55.31277603962904
16 37: 58.19647659622745
16 38: 62.907500888012265
16 39: 93.79750595881785
16 40: 71.53985681339475
16 41: 61.04409107598473
16 42: 78.23341867336062
16 43: 18.732268319571578
16 44: 3.1364006694149906
16 45: 5.912338514019486
16 46: 83.22244646301986
16 47: 8.807378253529052
16 48: 48.363760718759856
16 49: 61.182683082571145
17 0: 50.28667805922572
17 1: 49.368922398323534
17 2: 34.4980187859807
17 3: 39.63827368556881
17 4: 41.30976078149206
17 5: 19.5424733573817
17 6: 49.74445587456665
17 7: 49.94703182011827
17 8: 39.536242034277365
17 9: 65.20152063870593
17 10: 66.9504462029646
17 11: 26.678662566500957
17 12: 12.938675466809666
17 13: 64.78561612079626
17 14: 21.391894287449
17 15: 28.232680280985527
17 16: 51.48428561725355
17 18: 45.30336077693109
17 19: 38.72434574451613
17 20: 27.525427138996196
17 21: 48.49041278666513
17 22: 52.15096830798726
17 23: 65.71019842857542
17 24: 20.631291017772245
17 25: 64.31859499903872
17 26: 32.586706060363845
17 27: 41.35532951165969
17 28: 21.00903789274713
17 29: 62.46051679843391
17 30: 31.46378515979421
17 31: 49.883792098298244
17 32: 40.408234967028186
17 33: 40.18590372074791
17 34: 49.93681907712509
17 35: 51.093589356199274
17 36: 40.3377577287747
17 37: 6.712320757408723
17 38: 29.018118452196337
17 39: 51.9399876333343
17 40: 37.21496755396379
17 41: 41.910581255688825
17 42: 32.48937448329516
17 43: 62.12457224903318
17 44: 54.589793784806304
17 45: 45.846037933784395
17 46: 36.13748821042228
17 47: 47.01625524843774
17 48: 15.868975828640524
17 49: 41.85114542245166
18 0: 42.63616345578029
18 1: 18.011767170360862
18 2: 79.66163748850947
18 3: 48.90799867874582
18 4: 29.74193488883897
18 5: 49.92380855132735
18 6: 79.59893354683162
18 7: 50.78564521131855
18 8: 8.120795256876837
18 9: 69.5588484963406
18 10: 109.16404920138794
18 11: 66.02934737815629
18 12: 50.425490545455695
18 13: 81.75709461697451
18 14: 61.66538746283241
18 15: 53.494589232397814
18 16: 82.78642999405672
18 17: 45.30336077693109
18 19: 72.065805225493
18 20: 63.332831724936035
18 21: 44.61151048317218
18 22: 59.59474667932974
18 23: 21.474218925789273
18 24: 63.01361800800809
18 25: 107.02648719203766
18 26: 77.89003924760713
18 27: 13.59131357517228
18 28: 65.32741640452998
18 29: 105.73463864778869
18 30: 40.23364386007533
18 31: 17.1715757625046
18 32: 27.760068085691504
18 33: 81.53466698588198
18 34: 91.7306367183478
18 35: 95.10433897805177
18 36: 32.75805701450388
18 37: 42.585270281840494
18 38: 20.02918459334189
18 39: 80.88334012134905
18 40: 11.30888201528308
18 41: 27.522360345488927
18 42: 17.895769098927058
18 43: 84.03280202431756
18 44: 85.30119546631988
18 45: 78.75911285795664
18 46: 20.06692524854918
18 47: 82.37063409695386
18 48: 36.53896836521729
18 49: 27.308552348978516
19 0: 48.95443242088809
19 1: 82.67175825549678
19 2: 41.59412925284472
19 3: 31.852147446734
19 4: 50.44098502994699
19 5: 56.5262731452547
19 6: 11.486390494883201
19 7: 41.26184749224593
19 8: 64.16701272914398
19 9: 44.868046870081
19 10: 41.41778088611927
19 11: 14.194514211777605
19 12: 26.200284814798167
19 13: 33.17416994824936
19 14: 50.31278954737131
19 15: 18.954574279004625
19 16: 12.764577630040622
19 17: 38.72434574451613
19 18: 72.065805225493
19 20: 58.550894078328916
19 21: 45.194648721325514
19 22: 35.47992198078196
19 23: 93.43768166565971
19 24: 21.867027969507333
19 25: 40.54651762601299
19 26: 37.10694656659264
19 27: 74.03745114244138
19 28: 41.871708350449346
19 29: 40.87019217799009
19 30: 70.17686771746344
19 31: 67.19649328858965
19 32: 51.22469888661702
19 33: 59.181676121897766
19 34: 25.94928746129697
19 35: 35.06423245753301
19 36: 47.259113266764594
19 37: 45.436663077374384
19 38: 52.040644079934594
19 39: 82.2690875151112
19 40: 60.99114655982224
19 41: 52.61896255591401
19 42: 66.21496102198286
19 43: 27.13844392697066
19 44: 15.882469467246315
19 45: 7.225181943538853
19 46: 71.07673594800451
19 47: 10.386351049752472
19 48: 36.558628262670815
19 49: 52.72804033359283
20 0: 77.61425493572372
20 1: 59.54170348620906
20 2: 29.005849709695763
20 3: 66.97512821762224
20 4: 67.6887870864873
20 5: 13.423806713929082
20 6: 70.00764093541953
20 7: 77.4479448633656
20 8: 60.13665393178046
20 9: 92.1145758049116
20 10: 71.80195866306057
20 11: 44.37753153335965
20 12: 37.8243401231965
20 13: 89.13362368136744
20 14: 8.24570234969633
20 15: 53.97500695485201
20 16: 70.59259404668428
20 17: 27.525427138996196
20 18: 63.332831724936035
20 19: 58.550894078328916
20 21: 75.96087295122777
20 22: 79.15332022250175
20 23: 80.1038242583341
20 24: 36.684965503844396
20 25: 68.4387871032699
20 26: 30.957136830763865
20 27: 54.05612663113595
20 28: 17.67231449606
20 29: 65.46952280874876
20 30: 29.136472009341475
20 31: 72.89311741692356
20 32: 66.50683028310202
20 33: 19.668515330587805
20 34: 58.04416872285193
20 35: 53.678831685691186
20 36: 67.16926075106969
20 37: 24.482507879558494
20 38: 52.664812692276655
20 39: 24.77745932517538
20 40: 58.77855726658442
20 41: 67.90096101581717
20 42: 46.10035798193467
20 43: 84.9405654160123
20 44: 73.6774796611718
20 45: 64.68600811656977
20 46: 46.66972312519708
20 47: 63.70587365745652
20 48: 43.11164312203408
20 49: 67.80728663807773
21 0: 3.8973619978778085
21 1: 61.62915363655145
21 2: 75.49457057224492
21 3: 13.451662398853298
21 4: 14.949878486904868
21 5: 65.95605567920683
21 6: 46.875783643262764
21 7: 6.638359001888147
21 8: 37.356847000794644
21 9: 24.947350387180627
21 10: 86.57477692465187
21 11: 48.758307880721546
21 12: 41.2389232874167
21 13: 39.60316380431028
21 14: 69.71881491144283
21 15: 29.45663779919625
21 16: 50.63698897581512
21 17: 48.49041278666513
21 18: 44.61151048317218
21 19: 45.194648721325514
21 20: 75.96087295122777
21 22: 16.450316697017143
21 23: 62.01651890290601
21 24: 51.46026672090542
21 25: 85.73432464064928
21 26: 71.72695226913967
21 27: 54.344751943088774
21 28: 66.73314896288585
21 29: 85.92548362104911
21 30: 68.65351596381831
21 31: 30.94182005876069
21 32: 16.98852661558461
21 33: 87.1161775984525
21 34: 70.85641653578845
21 35: 78.75618276619443
21 36: 12.424923617991729
21 37: 52.06197811649634
21 38: 31.320572157290766
21 39: 99.97362649904709
21 40: 34.821937949660565
21 41: 17.089849215054652
21 42: 51.12382543099774
21 43: 44.25446843104116
21 44: 52.04121494461983
21 45: 49.2529103004447
21 46: 56.3877846402148
21 47: 54.53528836846584
21 48: 32.914181477597424
21 49: 17.303856911413416
22 0: 19.95051110996036
22 1: 75.71066542461907
22 2: 72.43619944751165
22 3: 13.146811295789865
22 4: 30.088529684922925
22 5: 71.3230957003545
22 6: 33.783113513088125
22 7: 9.860506669808068
22 8: 51.86916814148586
22 9: 13.065302327734205
22 10: 75.43355663988223
22 11: 43.43673415588111
22 12: 41.59165383205412
22 13: 23.154538669536176
22 14: 71.88788322602934
22 15: 25.99388010519216
22 16: 37.50138787995251
22 17: 52.15096830798726
22 18: 59.59474667932974
22 19: 35.47992198078196
22 20: 79.15332022250175
22 21: 16.450316697017143
22 23: 78.04033279479926
22 24: 48.35062676529085
22 25: 75.13212711772745
22 26: 68.22007978858315
22 27: 67.85199163868816
22 28: 66.75707154377562
22 29: 75.89476966717557
22 30: 77.67325053801386
22 31: 47.142914351990655
22 32: 31.963821589239682
22 33: 86.8716116479636
22 34: 61.26909761994032
22 35: 70.51476680767529
22 36: 26.879499834657157
22 37: 57.25780310707218
22 38: 43.50068557888883
22 39: 103.87331096468888
22 40: 49.011551269673845
22 41: 32.484121076730524
22 42: 63.23054048251288
22 43: 28.16371009289043
22 44: 38.2751906228886
22 45: 37.5790235033021
22 46: 68.65631670603683
22 47: 43.152724283378234
22 48: 38.75783928141855
22 49: 32.68803204768908
23 0: 59.256607311220485
23 1: 21.671557472620318
23 2: 99.54632102872623
23 3: 68.6629081262844
23 4: 48.08249554187116
23 5: 66.85349930616003
23 6: 100.64291240954573
23 7: 68.57540509119177
23 8: 29.27117083627601
23 9: 86.45897297401815
23 10: 130.5543217784888
23 11: 87.45769437051491
23 12: 71.76381567348811
23 13: 100.89221962822091
23 14: 79.87494205791684
23 15: 74.74143717203738
23 16: 103.91684651976574
23 17: 65.71019842857542
23 18: 21.474218925789273
23 19: 93.43768166565971
23 20: 80.1038242583341
23 21: 62.01651890290601
23 22: 78.04033279479926
23 24: 84.21346562885053
23 25: 128.36523519136998
23 26: 98.13773021128827
23 27: 26.076460413587256
23 28: 84.79583069173773
23 29: 126.99484667651595
23 30: 53.10587835876457
23 31: 31.12638178930325
23 32: 46.346819373928334
23 33: 99.2595795362953
23 34: 113.1224189400698
23 35: 116.19521710607613
23 36: 51.45277540542386
23 37: 62.1185619784708
23 38: 41.45740939551259
23 39: 93.93196183849594
23 40: 32.45367788197005
23 41: 45.635943718124174
23 42: 34.533399314352486
23 43: 103.97042257110336
23 44: 106.34866608610774
23 45: 100.05025996931319
23 46: 33.45112547556263
23 47: 103.76898749662605
23 48: 57.991211602465505
23 49: 45.439158852027894
24 0: 54.46182363000838
24 1: 69.46006279260367
24 2: 24.276601983288874
24 3: 38.98466437943468
24 4: 50.200572641888456
24 5: 35.65954200607579
24 6: 33.325234949939585
24 7: 50.18714150357882
24 8: 56.09961124572037
24 9: 60.338356095838535
24 10: 46.72964349004199
24 11: 7.704146259520367
24 12: 12.910149146273849
24 13: 53.47837766559703
24 14: 28.445800406209027
24 15: 22.738071694814906
24 16: 34.05006841726276
24 17: 20.631291017772245
24 18: 63.01361800800809
24 19: 21.867027969507333
24 20: 36.684965503844396
24 21: 51.46026672090542
24 22: 48.35062676529085
24 23: 84.21346562885053
24 25: 44.30714507423694
24 26: 20.309740187650885
24 27: 61.17306898290731
24 28: 20.279892650391297
24 29: 42.79240335871947
24 30: 51.09238020713636
24 31: 63.50795330670763
24 32: 50.10866974222453
24 33: 39.11552491221838
24 34: 29.483072867503946
24 35: 32.14533130072859
24 36: 47.93943476192258
24 37: 26.85896380496186
24 38: 44.108661416500524
24 39: 60.53727313454549
24 40: 53.26300327871745
24 41: 51.69244409667203
24 42: 52.48054453399526
24 43: 48.5430629769717
24 44: 37.16595661473676
24 45: 28.13973172357286
24 46: 56.50338127120046
24 47: 27.89023512247419
24 48: 27.179045753332918
24 49: 51.716349202904595
25 0: 89.47632613821683
25 1: 113.61966096958439
25 2: 39.65764990242934
25 3: 72.35448618472189
25 4: 89.84229434560106
25 5: 74.30386167259988
25 6: 42.17853221434569
25 7: 81.7089368408509
25 8: 99.79679704509958
25 9: 82.37351270644753
25 10: 3.5631482756006867
25 11: 41.19415330088614
25 12: 56.60702926582632
25 13: 64.92100937314996
25 14: 61.76708510778708
25 15: 57.98188908863682
25 16: 38.861520149993055
25 17: 64.31859499903872
25 18: 107.02648719203766
25 19: 40.54651762601299
25 20: 68.4387871032699
25 21: 85.73432464064928
25 22: 75.13212711772745
25 23: 128.36523519136998
25 24: 44.30714507423694
25 26: 37.527569249517796
25 27: 105.42276875576188
25 28: 52.18193283007924
25 29: 3.6229136271124722
25 30: 91.9554434484498
25 31: 105.49386488692565
25 32: 90.3337017981938
25 33: 56.57657888470886
25 34: 15.507402562955132
25 35: 14.760400732069828
25 36: 86.88203985043022
25 37: 69.80977161665028
25 38: 87.57510712060122
25 39: 84.75686245411546
25 40: 96.81909681187538
25 41: 91.8274755039464
25 42: 96.66322808066826
25 43: 56.29342162785548
25 44: 39.45431354644155
25 45: 37.57735982334354
25 46: 100.45603938096366
25 47: 31.990699198681817
25 48: 70.60863720536969
25 49: 91.90783824303622
26 0: 74.65813681371769
26 1: 80.60554206783404
26 2: 4.48801587796273
26 3: 59.2860054446302
26 4: 69.5193069359215
26 5: 37.47257654067562
26 6: 47.22356374597171
26 7: 70.47779517254563
26 8: 71.95561907464605
26 9: 79.74975871994313
26 10: 40.85988836736316
26 11: 24.972178969287956
26 12: 31.55374878596835
26 13: 70.27972848796443
26 14: 24.320864528204492
26 15: 42.9775313541122
26 16: 46.48165448847527
26 17: 32.586706060363845
26 18: 77.89003924760713
26 19: 37.10694656659264
26 20: 30.957136830763865
26 21: 71.72695226913967
26 22: 68.22007978858315
26 23: 98.13773021128827
26 24: 20.309740187650885
26 25: 37.527569249517796
26 27: 73.1240509461727
26 28: 15.104908386947624
26 29: 34.661418480211935
26 30: 55.48785068877807
26 31: 81.25560399894606
26 32: 69.1987497382173
26 33: 23.13923548543683
26 34: 27.75143329424234
26 35: 22.7756325626354
26 36: 67.53289764706363
26 37: 36.219466025321225
26 38: 60.797468436152016
26 39: 49.759854224184465
26 40: 69.47332966651716
26 41: 70.78483442659198
26 42: 64.21681944017553
26 43: 63.93471374664159
26 44: 49.21917726857813
26 45: 41.05676733621351
26 46: 67.04866132243295
26 47: 38.133150429544564
26 48: 44.827481698993985
26 49: 70.78409614177984
27 0: 53.03524823744776
27 1: 8.641572696830725
27 2: 74.19220170712839
27 3: 55.88175423153851
27 4: 39.51564862176182
27 5: 40.77884184518584
27 6: 82.9522513586206
27 7: 59.9558253136408
27 8: 17.616253965669912
27 9: 78.97003464657466
27 10: 107.9015326590505
27 11: 65.61468269326195
27 12: 49.646216091785604
27 13: 88.73370456943498
27 14: 53.87895286906615
27 15: 56.67119260152287
27 16: 85.77833752940981
27 17: 41.35532951165969
27 18: 13.59131357517228
27 19: 74.03745114244138
27 20: 54.05612663113595
27 21: 54.344751943088774
27 22: 67.85199163868816
27 23: 26.076460413587256
27 24: 61.17306898290731
27 25: 105.42276875576188
27 26: 73.1240509461727
27 28: 59.25041366782332
27 29: 103.71005428755186
27 30: 28.09950514744696
27 31: 30.296134841430444
27 32: 37.462482076674874
27 33: 73.1854423223902
27 34: 90.62131296274929
27 35: 92.44065588109915
27 36: 41.95544780869693
27 37: 36.90499587969997
27 38: 24.60384141443201
27 39: 69.2097315236624
27 40: 19.63969698614483
27 41: 37.68177170462964
27 42: 8.914982497912586
27 43: 89.81092907484906
27 44: 88.55190287587429
27 45: 81.10353466454958
27 46: 7.605202060853739
27 47: 83.96460886974617
27 48: 37.48828467707402
27 49: 37.47152232661229
28 0: 69.09220163622665
28 1: 66.3652614313536
28 2: 15.087857844021148
28 3: 55.78848229704695
28 4: 61.59005949698052
28 5: 22.37128449967499
28 6: 53.18414403895001
28 7: 66.87368357858291
28 8: 60.16370771957561
28 9: 79.30056919908544
28 10: 55.395582279536775
28 11: 27.730496544498504
28 12: 25.667515313205307
28 13: 73.72579038402664
28 14: 9.870214175394514
28 15: 40.78629382118729
28 16: 53.46969756786448
28 17: 21.00903789274713
28 18: 65.32741640452998
28 19: 41.871708350449346
28 20: 17.67231449606
28 21: 66.73314896288585
28 22: 66.75707154377562
28 23: 84.79583069173773
28 24: 20.279892650391297
28 25: 52.18193283007924
28 26: 15.104908386947624
28 27: 59.25041366782332
28 29: 49.492859052632205
28 30: 40.386464012109734
28 31: 70.88947184882865
28 32: 60.88117000830912
28 33: 20.40573706197278
28 34: 40.71975966180899
28 35: 37.543817246627434
28 36: 60.21554078666371
28 37: 22.774241119851723
28 38: 50.012983357383774
28 39: 40.406613157818185
28 40: 58.010405201978266
28 41: 62.42430249328443
28 42: 50.42371028886817
28 43: 68.78210255569121
28 44: 56.50898193164762
28 45: 47.600043680793725
28 46: 52.797287607418234
28 47: 46.255518277484434
28 48: 35.92623757492838
28 49: 62.38319591819808
29 0: 89.61933371547525
29 1: 111.82356828028
29 2: 36.56895671999771
29 3: 72.49603527878432
29 4: 89.43662448088344
29 5: 71.73246491785139
29 6: 43.45730098781831
29 7: 82.13102357428662
29 8: 98.63160835627582
29 9: 83.60737818403233
29 10: 7.1301451627678105
29 11: 40.259479177959996
29 12: 55.32953832837394
29 13: 66.6941054436047
29 14: 58.96872319013206
29 15: 57.702225959653006
29 16: 40.2975780605948
29 17: 62.46051679843391
29 18: 105.73463864778869
29 19: 40.87019217799009
29 20: 65.46952280874876
29 21: 85.92548362104911
29 22: 75.89476966717557
29 23: 126.99484667651595
29 24: 42.79240335871947
29 25: 3.6229136271124722
29 26: 34.661418480211935
29 27: 103.71005428755186
29 28: 49.492859052632205
29 30: 89.50145943099241
29 31: 104.76529972494173
29 32: 89.84787845414456
29 33: 53.177347738353774
29 34: 15.10841399876551
29 35: 11.950937373505672
29 36: 86.55285713946833
29 37: 67.76739512529906
29 38: 86.46517988982728
29 39: 81.36225477863279
29 40: 95.6973775640818
29 41: 91.36175471807057
29 42: 94.90228078520458
29 43: 58.153893263278555
29 44: 41.14030814910868
29 45: 38.50979046544439
29 46: 98.56821092887922
29 47: 32.93266699047664
29 48: 69.46270970344307
29 49: 91.43425919692359
30 0: 68.8492227895921
30 1: 31.644057964394044
30 2: 55.0657865248422
30 3: 64.52948185117431
30 4: 56.05548635042442
30 5: 18.08715369690815
30 6: 81.09198933914179
30 7: 72.48673760669763
30 8: 40.1566376796328
30 9: 90.4254137176485
30 10: 94.98882859447642
30 11: 57.85931128811155
30 12: 44.1304825585184
30 13: 94.12911930596877
30 14: 32.044203382407005
30 15: 57.71051834005245
30 16: 82.92939969032548
30 17: 31.46378515979421
30 18: 40.23364386007533
30 19: 70.17686771746344
30 20: 29.136472009341475
30 21: 68.65351596381831
30 22: 77.67325053801386
30 23: 53.10587835876457
30 24: 51.09238020713636
30 25: 91.9554434484498
30 26: 55.48785068877807
30 27: 28.09950514744696
30 28: 40.386464012109734
30 29: 89.50145943099241
30 31: 54.20448640292286
30 32: 54.27031052178086
30 33: 48.78733138428069
30 34: 78.97720920978763
30 35: 77.58176142511155
30 36: 57.051120305475635
30 37: 24.757340829875407
30 38: 38.33356289142573
30 39: 41.119107503417865
30 40: 40.198012707867
30 41: 55.21094830639585
30 42: 22.57488966482459
30 43: 92.540663495876
30 44: 86.02658266770634
30 45: 77.30935235096632
30 46: 20.56690625574603
30 47: 78.36459467569588
30 48: 39.303977672537684
30 49: 55.04508809710722
31 0: 28.130951822730843
31 1: 35.11146586783954
31 2: 83.84102381003332
31 3: 38.886457092318665
31 4: 17.797914080195966
31 5: 59.98670985804865
31 6: 72.6354854382408
31 7: 37.539526331027304
31 8: 14.058685720803407
31 9: 55.3510030555891
31 10: 107.15154172298799
31 11: 64.53956839177228
31 12: 50.64018434686358
31 13: 70.18175641960167
31 14: 69.48554479480676
31 15: 48.29593927403551
31 16: 76.1641546962507
31 17: 49.883792098298244
31 18: 17.1715757625046
31 19: 67.19649328858965
31 20: 72.89311741692356
31 21: 30.94182005876069
31 22: 47.142914351990655
31 23: 31.12638178930325
31 24: 63.50795330670763
31 25: 105.49386488692565
31 26: 81.25560399894606
31 27: 30.296134841430444
31 28: 70.88947184882865
31 29: 104.76529972494173
31 30: 54.20448640292286
31 32: 16.43136594574273
31 33: 89.30737865519725
31 34: 89.98706630170936
31 35: 95.22462754220224
31 36: 21.268123163596858
31 37: 49.424248620116956
31 38: 20.890785826658252
31 39: 93.17904262115249
31 40: 14.360866171279149
31 41: 15.341366324979212
31 42: 31.896768342613964
31 43: 73.87198419977717
31 44: 78.26596662734893
31 45: 73.11229146981357
31 46: 35.62183414598048
31 47: 77.53505912154029
31 48: 36.56280282029678
31 49: 15.175101214961447
32 0: 15.61696033139429
32 1: 44.64245147657806
32 2: 72.30264379836417
32 3: 22.54625815470122
32 4: 2.053619503383489
32 5: 54.875353672376825
32 6: 56.244203496169966
32 7: 23.02861990562593
32 8: 20.370106606541096
32 9: 41.88396018661625
32 10: 91.79309754194583
32 11: 49.974665227317985
32 12: 37.698361272757644
32 13: 54.57647956755167
32 14: 61.545968711905196
32 15: 32.52218766672869
32 16: 59.79866423000865
32 17: 40.408234967028186
32 18: 27.760068085691504
32 19: 51.22469888661702
32 20: 66.50683028310202
32 21: 16.98852661558461
32 22: 31.963821589239682
32 23: 46.346819373928334
32 24: 50.10866974222453
32 25: 90.3337017981938
32 26: 69.1987497382173
32 27: 37.462482076674874
32 28: 60.88117000830912
32 29: 89.84787845414456
32 30: 54.27031052178086
32 31: 16.43136594574273
32 33: 80.57944053580106
32 34: 74.8762513432008
32 35: 80.92279484127123
32 36: 5.116206253758278
32 37: 42.03088892736686
32 38: 15.938374773736323
32 39: 89.17415005921383
32 40: 17.86496851258276
32 41: 1.5877313232393442
32 42: 34.92163897130532
32 43: 57.74142624966188
32 44: 61.85975143147284
32 45: 56.90971411364707
32 46: 40.00880774828151
32 47: 61.488064982961774
32 48: 24.963105782843698
32 49: 1.6106546045829113
33 0: 89.41982513846507
33 1: 79.03037335934133
33 2: 19.018003072093638
33 3: 76.15293361266313
